
-----------------Setup------------------
Options: alg=LN_AUGLAG_EQ,dx=0.01,max_eval=100000000,popSize=0
imin=-12,jmin=-1,imax=1,jmax=1,
parameter_minmax=5,
randSeed=9673748, rand_minmax=3

Initial Condition:

[-0.839688,1.74807,2.60147,0.230359,0.667092,-1.66197,-2.66512,2.22106,-1.62939,2.91066,-2.96271,0.634037,0.432826,2.97821,0.885099,1.02655,-1.4086,-0.806999,-1.05659,-0.0428755,-0.17029,-1.80854,0.263983,1.69155,-2.4558,2.1066,-0.408336,-0.317319,0.428372,2.78428,-1.04481,-2.15572,-1.53975,-2.33233,-0.540469,0.0463777,-1.78495,-2.75826,-1.6839,-1.51279,0.243843,0.906883,-1.63052,0.248206]
