
------------------------------------------------------------------------
f_10([0.342873,0.512077,0.161945,-0.195694,0.400715,0.378805,0.665498,0.860816,0.0956044,0.60379,0.077057,-0.0715119,0.810646,2.65527,0.0478829,-0.410438,-0.320455,0.440933,0.815781,-1.31392,0.189167,-1.23615,0.410017,0.529018,-0.205622,0.892103,0.122858,0.190661,-0.339856,0.670378,0.420439,0.249039,-0.13279,0.678938,-0.342986,-0.203161,1.33986,-0.670378,-0.420439,-0.249039,0.856078,0.793622,1.37449,-3.0242])

14.657282381329326

Set[{A021,A031,A032,A041,A042,A043,A121,A131,A132,A141,A142,A143,B021,B031,B032,B041,B042,B043,B121,B131,B132,B141,B142,B143,\[Alpha]1,\[Alpha]2,\[Alpha]3,\[Alpha]4,\[Beta]11,\[Beta]12,\[Beta]13,\[Beta]14,\[Beta]21,\[Beta]22,\[Beta]23,\[Beta]24,\[Beta]31,\[Beta]32,\[Beta]33,\[Beta]34,\[Beta]41,\[Beta]42,\[Beta]43,\[Beta]44},{0.34287295537988144,0.5120774931746684,0.16194482670792837,-0.1956935709614896,0.40071522224409567,0.37880457007463103,0.6654984643754809,0.8608156940625166,0.09560437093401299,0.6037901123434453,0.07705703740179906,-0.07151187439386632,0.810646041388496,2.655265774200169,0.04788291353965861,-0.41043825475141316,-0.3204545176342155,0.44093283764392416,0.8157808921716297,-1.3139155779855873,0.1891674254281117,-1.2361517017250248,0.41001678506275085,0.5290182983901529,-0.20562211460870197,0.8921030397426545,0.12285827850698379,0.19066079643882552,-0.33985594487449633,0.6703779528243612,0.42043889458007233,0.24903909730698864,-0.1327904669396199,0.6789378218325813,-0.3429860161440778,-0.20316133861601465,1.33985594549537,-0.6703779524793593,-0.420438893990147,-0.24903909915563868,0.8560781933290258,0.7936223040597798,1.3744949256559638,-3.024195423044361}]


x = [0.34287295537988144,0.5120774931746684,0.16194482670792837,-0.1956935709614896,0.40071522224409567,0.37880457007463103,0.6654984643754809,0.8608156940625166,0.09560437093401299,0.6037901123434453,0.07705703740179906,-0.07151187439386632,0.810646041388496,2.655265774200169,0.04788291353965861,-0.41043825475141316,-0.3204545176342155,0.44093283764392416,0.8157808921716297,-1.3139155779855873,0.1891674254281117,-1.2361517017250248,0.41001678506275085,0.5290182983901529,-0.20562211460870197,0.8921030397426545,0.12285827850698379,0.19066079643882552,-0.33985594487449633,0.6703779528243612,0.42043889458007233,0.24903909730698864,-0.1327904669396199,0.6789378218325813,-0.3429860161440778,-0.20316133861601465,1.33985594549537,-0.6703779524793593,-0.420438893990147,-0.24903909915563868,0.8560781933290258,0.7936223040597798,1.3744949256559638,-3.024195423044361]
A0 = [0.0,0.34287295537988144,0.5120774931746684,-0.1956935709614896,0.0,0.0,0.16194482670792837,0.40071522224409567,0.0,0.0,0.0,0.37880457007463103,0.0,0.0,0.0,0.0]
A1 = [0.0,0.6654984643754809,0.8608156940625166,0.6037901123434453,0.0,0.0,0.09560437093401299,0.07705703740179906,0.0,0.0,0.0,-0.07151187439386632,0.0,0.0,0.0,0.0]
B0 = [0.0,0.810646041388496,2.655265774200169,-0.41043825475141316,0.0,0.0,0.04788291353965861,-0.3204545176342155,0.0,0.0,0.0,0.44093283764392416,0.0,0.0,0.0,0.0]
B1 = [0.0,0.8157808921716297,-1.3139155779855873,-1.2361517017250248,0.0,0.0,0.1891674254281117,0.41001678506275085,0.0,0.0,0.0,0.5290182983901529,0.0,0.0,0.0,0.0]
α  = [-0.20562211460870197,0.8921030397426545,0.12285827850698379,0.19066079643882552]
β1 = [-0.33985594487449633,0.6703779528243612,0.42043889458007233,0.24903909730698864]
β2 = [-0.1327904669396199,0.6789378218325813,-0.3429860161440778,-0.20316133861601465]
β3 = [1.33985594549537,-0.6703779524793593,-0.420438893990147,-0.24903909915563868]
β4 = [0.8560781933290258,0.7936223040597798,1.3744949256559638,-3.024195423044361]


Max g: 4.71335444177085e-10