
-----------------Setup------------------
Options: alg=LN_COBYLA,dx=0.01,max_eval=100000000,popSize=0
imin=-12,jmin=-1,imax=1,jmax=1,
parameter_minmax=5,
randSeed=54327065, rand_minmax=2,
END_C=true, INEQ_C=false

Initial Condition:

[0.0751979,-0.0694964,1.0695,-0.152225,1.09983,0.0523985,0.443289,0.992566,0.00743387,0.787515,0.250163,-0.0376781,0.108806,0.457702,0.354712,0.626973,1.26221,-0.397252,-0.6658,-1.08367,0.434309,3.71248,-0.15881,-1.70335,-0.741334,1.34227,-0.380532,0.779596,0.157962,-0.283742,0.908901,0.216878,0.941324,-1.69087,0.605146,0.144398,0.842038,0.283742,-0.908901,-0.216878,-1.56763,2.81588,-1.674,0.425752]
